39  221 129 141 139 242 186 123 
118 52  187 1   250 109 17  53  
27  143 212 32  126 132 73  232 
154 191 233 58  178 230 105 207 
74  57  170 206 172 218 124 138 
174 189 21  65  117 51  72  159 
183 113 67  95  146 150 37  155 
59  122 26  22  228 75  119 175 


39  221 129 141 139 242 186 123 
118 52  187 1   250 109 17  53  
27  143 212 32  126 132 73  232 
154 191 233 58  178 230 105 207 
74  57  170 206 172 218 124 138 
174 189 21  65  117 51  72  159 
183 113 67  95  146 150 37  155 
59  122 26  22  228 75  119 175 


